1.0564,2.4324
1.0564,2.4324
1.0564,2.4324
1.0564,2.4324
1.0564,2.4324
1.0564,2.4324
1.0564,2.4324
1.0564,2.4324
1.0564,2.4324
1.0564,2.4324
1.0564,2.4324
1.0564,2.4324
1.0564,2.4324
1.0564,2.4324
1.0564,2.4324
1.0564,2.4324
1.0564,2.4324
1.0564,2.4324
1.0564,2.4324
1.0564,2.4324
1.0564,2.4324
1.0564,2.4324
1.0564,2.4324
1.0564,2.4324
1.0564,2.4324
1.0564,2.4324
1.0564,2.4324
1.0564,2.4324
1.0564,2.4324
1.0564,2.4324
1.0564,2.4324
1.0564,2.4324
1.0564,2.4324
1.0564,2.4324
1.0564,2.4324
1.0564,2.4324
1.0564,2.4324
1.0564,2.4324
1.0564,2.4324
1.0564,2.4324
1.0564,2.4324
1.0564,2.4324
1.0564,2.4324
1.0564,2.4324
1.0564,2.4324
1.0564,2.4324
1.0564,2.4324
1.0564,2.4324
1.0564,2.4324
1.0564,2.4324
1.0564,2.4324
1.0564,2.4324
1.0564,2.4324
1.0564,2.4324
1.0564,2.4324
1.0564,2.4324
1.0564,2.4324
1.0564,2.4324
1.0564,2.4324
1.0564,2.4324
1.0564,2.4324
1.0564,2.4324
1.0564,2.4324
1.0564,2.4324
1.0564,2.4324
1.0564,2.4324
1.0564,2.4324
1.0564,2.4324
1.0564,2.4324
1.0564,2.4324
1.0564,2.4324
1.0564,2.4324
1.0564,2.4324
29.0564,2.4324
28.0564,2.4324
27.0564,2.4324
26.0564,2.4324
25.0564,2.4324
24.0564,2.4324
23.0564,2.4324
22.0564,2.4324
21.0564,2.4324
20.0564,2.4324
19.0564,2.4324
18.0564,2.4324
17.0564,2.4324
16.0564,2.4324
15.0564,2.4324
14.0564,2.4324
13.0564,2.4324
12.0564,2.4324
11.0564,2.4324
10.0564,2.4324
9.0564,2.4324
8.0564,2.4324
7.0564,2.4324
6.0564,2.4324
5.0564,2.4324
4.0564,2.4324
3.0564,2.4324
2.0564,2.4324
